96   
18   

1    
  0.0074985587831579   0.0073976341109208   0.0170013712898833
  -0.0013868396   -0.0012839596   -0.0169465902
   0.0002604204   -0.0001464896   -0.0141006302
  -0.0001516696    0.0002618404   -0.0141291202
   0.0001515904    0.0001349704   -0.0140148702
   0.0000603204    0.0001191304   -0.0135036702
  -0.0001065496    0.0000478504   -0.0135895202
   0.0001034604   -0.0000908296   -0.0135593802
  -0.0000623396   -0.0000674696   -0.0136385402
   0.0008957404   -0.0002137496    0.0145050898
  -0.0006100096   -0.0003157296    0.0137933498
   0.0001382004    0.0001284004    0.0139173498
  -0.0001669296    0.0000781404    0.0137605698
  -0.0001415396    0.0005174504    0.0143541998
   0.0000882304    0.0001306504    0.0139580398
  -0.0001610896   -0.0003900396    0.0139527398
   0.0001293504   -0.0001332696    0.0138594598
  -0.0004735496    0.0001383704    0.0038621898
   0.0004442704    0.0005281404    0.0043871798
   0.0006963904    0.0009229004    0.0037914398
   0.0001998004   -0.0001811396    0.0040017198
   0.0000223804    0.0000098304    0.0046629698
  -0.0000113896    0.0000043204    0.0047466498
  -0.0000413396   -0.0000321296    0.0047086298
   0.0000125004    0.0000040704    0.0047659398
   0.0003606904    0.0010832004   -0.0037379602
   0.0000987104    0.0000763104   -0.0044908202
  -0.0005407196   -0.0007431496   -0.0041377702
   0.0000795004   -0.0000277696   -0.0045961702
   0.0010354904   -0.0005377296   -0.0038411502
  -0.0004779396    0.0001382104   -0.0042456602
   0.0000415904    0.0000480104   -0.0045103202
  -0.0000309396    0.0000642404   -0.0045623302
  -0.0001826996   -0.0009857896    0.0004343198
  -0.0001890996   -0.0013053596    0.0005383998
  -0.0003401296   -0.0015257296    0.0000671598
  -0.0000391296   -0.0011929696    0.0003524098
  -0.0001575496   -0.0013664696    0.0000287198
  -0.0002091596   -0.0013642296    0.0000637498
  -0.0001405696   -0.0012637496    0.0000930598
  -0.0002039596   -0.0012861596    0.0000773998
  -0.0001727796    0.0015737904    0.0009871098
  -0.0003491696    0.0015908304    0.0004368198
  -0.0004643696    0.0015211904    0.0004036298
  -0.0004230196    0.0015151404    0.0003681598
  -0.0003283096    0.0017165404    0.0000503298
  -0.0003386896    0.0017238004    0.0001101198
  -0.0003303896    0.0017454604    0.0001348298
  -0.0003054496    0.0017651704    0.0001264798
  -0.0000171196    0.0012086704    0.0000635698
  -0.0000367096    0.0012318004   -0.0001548102
   0.0003006404    0.0014448904    0.0000251298
   0.0001323804    0.0012635604   -0.0001120102
  -0.0000089996    0.0009913904   -0.0004381602
   0.0001477404    0.0011621204   -0.0003187002
   0.0001493804    0.0012616204   -0.0002241902
   0.0002142804    0.0013004304   -0.0002065202
   0.0007643804   -0.0013464696    0.0000108798
   0.0003609704   -0.0016589196   -0.0001101602
   0.0002439404   -0.0020425696   -0.0000530502
   0.0003060604   -0.0017331396   -0.0001496302
   0.0002787404   -0.0017488096   -0.0002798402
   0.0003098604   -0.0017161596   -0.0002666502
   0.0004974404   -0.0013551396   -0.0004607302
   0.0004203004   -0.0015501696   -0.0003484002
  -0.0087539296    0.0053838104    0.0054002098
  -0.0084625396    0.0051612704    0.0052160798
  -0.0088548096    0.0054812504    0.0054376298
  -0.0084806196    0.0052841304    0.0053116198
  -0.0083184696    0.0053746104    0.0052779598
  -0.0091049796    0.0055547804    0.0056840798
  -0.0087026596    0.0052630504    0.0054899198
  -0.0087730796    0.0053613404    0.0054782698
   0.0081590804   -0.0050244396    0.0052209398
   0.0083979804   -0.0050929896    0.0054370598
   0.0082471404   -0.0049753896    0.0052928398
   0.0084073804   -0.0050939396    0.0054463298
   0.0077454104   -0.0048249096    0.0048781698
   0.0085476404   -0.0051147596    0.0055770398
   0.0084226404   -0.0050620496    0.0054893798
   0.0084107904   -0.0051207896    0.0055255298
   0.0087175504   -0.0055645196   -0.0053795702
   0.0088416004   -0.0054479696   -0.0054826802
   0.0084824304   -0.0050304696   -0.0051011702
   0.0083935404   -0.0052032496   -0.0052145302
   0.0087797204   -0.0053667396   -0.0056037902
   0.0087970404   -0.0053914796   -0.0055389602
   0.0087670104   -0.0054008396   -0.0055712302
   0.0088015304   -0.0054085296   -0.0055253802
  -0.0078349396    0.0048279704   -0.0050273502
  -0.0085317296    0.0050988104   -0.0054376602
  -0.0081543896    0.0049159904   -0.0051910802
  -0.0084947696    0.0051479804   -0.0054826802
  -0.0084896696    0.0050920504   -0.0055939702
  -0.0084034196    0.0051074604   -0.0055740302
  -0.0084730996    0.0051162504   -0.0055621802
  -0.0084299896    0.0051051504   -0.0055492302

1    
 -0.0074985587831579  -0.0073976341109208  -0.0170013712898833
   0.0013532702    0.0012607699   -0.0108386802
  -0.0002633298    0.0001482899   -0.0136218402
   0.0001468502   -0.0002542301   -0.0135917902
  -0.0001536998   -0.0001291201   -0.0137066702
  -0.0000631098   -0.0001145801   -0.0142153902
   0.0001024602   -0.0000417501   -0.0141255302
  -0.0001070098    0.0000947799   -0.0141612602
   0.0000586202    0.0000700899   -0.0140783702
  -0.0008836598    0.0002048599    0.0132234098
   0.0006127002    0.0003073999    0.0139239998
  -0.0001345098   -0.0001307401    0.0138033998
   0.0001697502   -0.0000808401    0.0139583798
   0.0001492102   -0.0005273001    0.0133611798
  -0.0000870898   -0.0001336701    0.0137642098
   0.0001655502    0.0003856399    0.0137692698
  -0.0001268698    0.0001286599    0.0138608598
   0.0004582802   -0.0001407601    0.0052096698
  -0.0004505198   -0.0005271901    0.0046993298
  -0.0007018198   -0.0009233801    0.0052819398
  -0.0002017598    0.0001749299    0.0050693398
  -0.0000303698   -0.0000140801    0.0044167298
   0.0000015002   -0.0000076901    0.0043328998
   0.0000353302    0.0000279199    0.0043701998
  -0.0000216998   -0.0000086701    0.0043148698
  -0.0003529598   -0.0010720601   -0.0053344502
  -0.0000905198   -0.0000701701   -0.0045887202
   0.0005501802    0.0007484899   -0.0049442002
  -0.0000728798    0.0000308699   -0.0044847002
  -0.0010444098    0.0005511999   -0.0052468502
   0.0004864702   -0.0001339301   -0.0048318402
  -0.0000342898   -0.0000446901   -0.0045646802
   0.0000409902   -0.0000599101   -0.0045142502
  -0.0001540498   -0.0015677001   -0.0000932802
  -0.0001573498   -0.0012607401   -0.0001989902
   0.0000029602   -0.0010298801    0.0002721498
  -0.0002963398   -0.0013616501   -0.0000114402
  -0.0001791498   -0.0011887701    0.0003125098
  -0.0001275698   -0.0011910701    0.0002764398
  -0.0001965398   -0.0012932201    0.0002470398
  -0.0001325198   -0.0012708201    0.0002632798
  -0.0004594698    0.0018482899   -0.0005398502
  -0.0003253498    0.0018014899   -0.0000103902
  -0.0002090598    0.0018723999    0.0000217298
  -0.0002512098    0.0018769699    0.0000574498
  -0.0003458598    0.0016777499    0.0003765898
  -0.0003340798    0.0016713899    0.0003149898
  -0.0003432298    0.0016486099    0.0002908798
  -0.0003681098    0.0016288299    0.0002995298
   0.0003401502    0.0013720199   -0.0003670802
   0.0003722002    0.0013236599   -0.0001860402
   0.0000362502    0.0011099999   -0.0003658602
   0.0002038802    0.0012926899   -0.0002280602
   0.0003481902    0.0015685399    0.0001008298
   0.0001890802    0.0013935199   -0.0000211602
   0.0001871502    0.0012934699   -0.0001158502
   0.0001225102    0.0012549899   -0.0001333202
  -0.0000811098   -0.0020648601   -0.0004105302
   0.0003120402   -0.0017347201   -0.0003155602
   0.0004297702   -0.0013529401   -0.0003731302
   0.0003671302   -0.0016610301   -0.0002757902
   0.0003954102   -0.0016438401   -0.0001460602
   0.0003636002   -0.0016777601   -0.0001583102
   0.0001737202   -0.0020435801    0.0000382598
   0.0002531302   -0.0018441801   -0.0000765502
  -0.0087452498    0.0053786799    0.0055224898
  -0.0090361698    0.0056013699    0.0057071298
  -0.0086451398    0.0052817999    0.0054850098
  -0.0090188398    0.0054795099    0.0056122198
  -0.0091777898    0.0053881899    0.0056385398
  -0.0083887798    0.0052051799    0.0052339098
  -0.0087958498    0.0054997499    0.0054317598
  -0.0087245598    0.0054004299    0.0054429498
   0.0086726602   -0.0051673801    0.0057266398
   0.0084347902   -0.0050983701    0.0055124498
   0.0085862802   -0.0052168301    0.0056565198
   0.0084255202   -0.0050980501    0.0055031798
   0.0090871802   -0.0053748801    0.0060637598
   0.0082840502   -0.0050762101    0.0053703398
   0.0084083102   -0.0051288801    0.0054578098
   0.0084198402   -0.0050703601    0.0054213198
   0.0087843602   -0.0051977901   -0.0055454102
   0.0086574202   -0.0053148801   -0.0054403202
   0.0090083102   -0.0057270801   -0.0058227202
   0.0091035802   -0.0055588901   -0.0057077702
   0.0087201402   -0.0053962101   -0.0053196602
   0.0087022902   -0.0053709701   -0.0053835302
   0.0087323102   -0.0053624601   -0.0053510202
   0.0086966302   -0.0053538501   -0.0053961302
  -0.0089884498    0.0053534799   -0.0059243802
  -0.0083017498    0.0050942299   -0.0055134602
  -0.0086765098    0.0052747899   -0.0057562702
  -0.0083380798    0.0050434999   -0.0054664702
  -0.0083433998    0.0050997799   -0.0053547502
  -0.0084276098    0.0050838499   -0.0053735502
  -0.0083598998    0.0050753799   -0.0053864802
  -0.0084024298    0.0050861799   -0.0053989902

1    
  0.0200000000000000   0.0000000000000000   0.0000000000000000
  -0.0034220599   -0.0002372199   -0.0138789704
   0.0007308701   -0.0000302799   -0.0138588804
  -0.0004073899    0.0000081201   -0.0138582504
   0.0003975901    0.0000120401   -0.0138591404
  -0.0000367199    0.0000388801   -0.0137890004
   0.0000355801   -0.0000335099   -0.0139855304
   0.0000349001   -0.0000347399   -0.0137370504
  -0.0000358299    0.0000380001   -0.0139327704
   0.0004358501   -0.0000656799    0.0147460896
   0.0004361301   -0.0000637199    0.0129793896
  -0.0000178799   -0.0000265299    0.0140394996
  -0.0000163699   -0.0000270199    0.0136803796
  -0.0004192899    0.0000074201    0.0138711096
   0.0002742901    0.0000135701    0.0138353096
  -0.0004187799    0.0000063701    0.0138497396
   0.0002734801    0.0000132501    0.0138828596
   0.0008075601   -0.0007051999    0.0048658596
   0.0007642501    0.0012045801    0.0050649596
   0.0007692601    0.0012151101    0.0040106896
   0.0008066601   -0.0006956499    0.0042085596
   0.0000515801   -0.0000185599    0.0045400096
  -0.0000663299    0.0000615301    0.0045399996
  -0.0000524999   -0.0000378399    0.0045390496
   0.0000339901   -0.0000197399    0.0045387296
  -0.0005849099   -0.0003227799   -0.0046413204
   0.0002306901    0.0000380601   -0.0044781704
  -0.0005800399   -0.0003202299   -0.0044411804
   0.0002316501    0.0000346701   -0.0046006804
   0.0005417001   -0.0002406799   -0.0040521404
   0.0005421001   -0.0002401599   -0.0050265604
   0.0000270501    0.0000056301   -0.0044362104
   0.0000285301    0.0000049701   -0.0046380704
  -0.0004511099   -0.0013567199    0.0000456596
  -0.0000236199   -0.0016637699   -0.0001557204
  -0.0003578799   -0.0015822699   -0.0000160404
  -0.0000412799   -0.0010313899    0.0002904096
  -0.0001648299   -0.0012912799    0.0001545396
  -0.0001828199   -0.0012857099    0.0001759796
  -0.0001193099   -0.0012749199    0.0002083196
  -0.0002022399   -0.0012703699    0.0001515896
  -0.0001576599    0.0013356101    0.0005565596
  -0.0006195999    0.0016151801    0.0003365796
  -0.0002088799    0.0019439201    0.0000909096
  -0.0005261599    0.0013935701    0.0003973896
  -0.0002877599    0.0017003301    0.0001750596
  -0.0003708899    0.0017046901    0.0002318496
  -0.0003331199    0.0016840201    0.0002286896
  -0.0003513399    0.0016893501    0.0002076596
   0.0006663001    0.0015090301   -0.0000729304
  -0.0000604699    0.0012020801   -0.0002153904
   0.0003358301    0.0013589801   -0.0000246504
   0.0000912801    0.0012693301   -0.0001966404
   0.0000439901    0.0011144301   -0.0002962404
   0.0002762201    0.0014653501   -0.0000354404
   0.0001300201    0.0012454901   -0.0001985304
   0.0002152801    0.0013085301   -0.0001488004
   0.0008380901   -0.0014744899   -0.0003005304
   0.0001075301   -0.0017734799   -0.0001684804
   0.0005050201   -0.0016155899   -0.0003593504
   0.0002589501   -0.0017061499   -0.0001864004
   0.0003839601   -0.0016661599   -0.0002334804
   0.0002990101   -0.0017292299   -0.0001835604
   0.0004451401   -0.0015097199   -0.0003469504
   0.0002125601   -0.0018601999   -0.0000860304
  -0.0087842399    0.0054133201    0.0054380696
  -0.0087780299    0.0054070601    0.0055263196
  -0.0088794499    0.0054759301    0.0054615796
  -0.0085158299    0.0052451001    0.0054406796
  -0.0088852699    0.0054826001    0.0058328696
  -0.0089826999    0.0054687801    0.0055274596
  -0.0087180399    0.0053924401    0.0055183496
  -0.0087907499    0.0053815601    0.0054379696
   0.0086524001   -0.0052330299    0.0054960896
   0.0082869001   -0.0050012299    0.0054745196
   0.0083885201   -0.0050719599    0.0054101896
   0.0083805801   -0.0050635499    0.0054967096
   0.0082727801   -0.0049952999    0.0050964296
   0.0081822101   -0.0050077099    0.0054085396
   0.0084463801   -0.0050842099    0.0054169596
   0.0083729401   -0.0050942999    0.0054963696
   0.0090408201   -0.0056380199   -0.0056330304
   0.0084594601   -0.0052239199   -0.0053017404
   0.0085936001   -0.0051305599   -0.0052803004
   0.0083590201   -0.0052489499   -0.0053073204
   0.0088072801   -0.0053972199   -0.0055578804
   0.0086985301   -0.0053956699   -0.0053843104
   0.0087601501   -0.0053573799   -0.0054899504
   0.0087390701   -0.0053842899   -0.0054315404
  -0.0085610799    0.0053373601   -0.0056584804
  -0.0088050499    0.0052277301   -0.0056273504
  -0.0081230799    0.0048379901   -0.0053010004
  -0.0087045699    0.0052525901   -0.0056320104
  -0.0084674899    0.0050817201   -0.0055516604
  -0.0083592799    0.0050800501   -0.0053779304
  -0.0084262499    0.0050925101   -0.0055036804
  -0.0084053599    0.0051194501   -0.0054452504

17   
  0.0074985587831579   0.0073976341109208   0.0170013712898833
   0.0003250093   -0.0006438297   -0.0145472898
   0.0011890893    0.0007897103   -0.0144593198
   0.0002894893    0.0003399303   -0.0141684998
  -0.0002377307    0.0002495303   -0.0143906098
   0.0000126493    0.0000273603   -0.0137372198
  -0.0000013207    0.0000012903   -0.0136540798
  -0.0000333007   -0.0000346697   -0.0136904398
   0.0000062793    0.0000163403   -0.0136349398
  -0.0004256807    0.0009612303    0.0150657402
   0.0001520793    0.0000762803    0.0138845902
  -0.0002560907   -0.0001282497    0.0138619102
   0.0000478193   -0.0000613997    0.0138297602
   0.0005249493    0.0000155803    0.0145454102
  -0.0003009407   -0.0000901297    0.0141769402
   0.0000971693    0.0000153203    0.0138769802
  -0.0000737407    0.0000705903    0.0138519502
  -0.0065272707   -0.0058828897   -0.0088890498
   0.0001902493   -0.0000613897    0.0044225702
  -0.0000277707    0.0002284603    0.0044160302
   0.0001395393    0.0001289603    0.0043446602
   0.0001103493    0.0000446303    0.0047142802
  -0.0000905807    0.0000684903    0.0046740302
   0.0000018593   -0.0000726897    0.0046538802
  -0.0000375407   -0.0000411997    0.0046115202
  -0.0001705807    0.0000055403   -0.0046163098
   0.0000861293    0.0001953403   -0.0044195398
  -0.0001664907   -0.0002451897   -0.0044046998
   0.0006203693   -0.0001867297   -0.0040319898
   0.0001681593   -0.0001044297   -0.0045414298
  -0.0001473607   -0.0002474197   -0.0043114798
   0.0000207593    0.0000795103   -0.0045261598
  -0.0002750207    0.0004516103   -0.0040687998
   0.0024487393    0.0032051803    0.0040605202
  -0.0002121507   -0.0012973897    0.0002604002
  -0.0002100107   -0.0013447497    0.0002006302
  -0.0001899707   -0.0012923297    0.0001928702
  -0.0002019607   -0.0013812997    0.0000144302
  -0.0001734807   -0.0013429897    0.0000777502
  -0.0001766507   -0.0012771097    0.0001282002
  -0.0001420807   -0.0012677297    0.0001406502
  -0.0002116507    0.0014659603    0.0003618702
  -0.0006130807    0.0014235803    0.0001796202
   0.0000473193    0.0017077403    0.0015882602
  -0.0003672907    0.0016941903    0.0002930802
  -0.0003500607    0.0017881303    0.0000838502
  -0.0003131407    0.0017510103    0.0001421902
  -0.0003492607    0.0017098903    0.0001541102
  -0.0003088807    0.0017087303    0.0001541302
   0.0001255393    0.0014118103    0.0000697302
   0.0000319093    0.0010102203   -0.0002890698
   0.0002002493    0.0013515003   -0.0000917698
  -0.0000327507    0.0016293303   -0.0002921198
   0.0002151393    0.0013211903   -0.0001908798
   0.0001880993    0.0013050703   -0.0002932698
   0.0001572493    0.0012316403   -0.0002229198
   0.0000823093    0.0010869103   -0.0003166998
   0.0007524193   -0.0016251097   -0.0002558798
   0.0000174593   -0.0017716297   -0.0003228698
   0.0003590293   -0.0017209297   -0.0001769698
   0.0003252793   -0.0017749597   -0.0000856298
   0.0002361393   -0.0017755097   -0.0002590198
   0.0003977693   -0.0016115097   -0.0003683998
   0.0003158893   -0.0016892897   -0.0002421998
   0.0003801393   -0.0016137997   -0.0002942198
  -0.0086675207    0.0053128203    0.0054198202
  -0.0087136107    0.0053867103    0.0054211602
  -0.0088152807    0.0054332503    0.0052549902
  -0.0086830707    0.0053692803    0.0053907702
  -0.0087477907    0.0055223803    0.0053874802
  -0.0089152207    0.0053793603    0.0056790602
  -0.0087118407    0.0050100003    0.0050632302
  -0.0087215707    0.0053558503    0.0054649402
   0.0086279993   -0.0053029997    0.0054661402
   0.0083733393   -0.0050942897    0.0054198102
   0.0083857293   -0.0050485397    0.0054569802
   0.0082097493   -0.0049956097    0.0053313702
   0.0082804893   -0.0050139497    0.0054140102
   0.0085585493   -0.0049437197    0.0055128402
   0.0084144793   -0.0050970297    0.0054993702
   0.0085597093   -0.0052628997    0.0055248102
   0.0085725193   -0.0053762597   -0.0053762498
   0.0067972993   -0.0037303697   -0.0022268698
   0.0085711693   -0.0052398597   -0.0054376498
   0.0088229893   -0.0054623097   -0.0054105798
   0.0088794193   -0.0053866697   -0.0056207998
   0.0087422693   -0.0053971497   -0.0055182598
   0.0087628093   -0.0053903197   -0.0054935598
   0.0087524093   -0.0053654097   -0.0055085798
  -0.0040022807    0.0036467303   -0.0009014598
  -0.0084569307    0.0052310803   -0.0054291398
  -0.0083398107    0.0050204003   -0.0053771898
  -0.0083578807    0.0050415403   -0.0054560898
  -0.0085442707    0.0050932103   -0.0056365698
  -0.0084065707    0.0050715103   -0.0055135998
  -0.0084390807    0.0051472103   -0.0055264198
  -0.0084269807    0.0051048103   -0.0055125398

17   
 -0.0074985587831579  -0.0073976341109208  -0.0170013712898833
  -0.0003265202    0.0006448102   -0.0131791401
  -0.0011805502   -0.0007761698   -0.0132712401
  -0.0002888802   -0.0003325298   -0.0135454001
   0.0002293198   -0.0002388698   -0.0133365901
  -0.0000168702   -0.0000220998   -0.0139843101
  -0.0000016502    0.0000042102   -0.0140686901
   0.0000292798    0.0000383402   -0.0140296701
  -0.0000089702   -0.0000133398   -0.0140873301
   0.0004233898   -0.0009502398    0.0126713899
  -0.0001472002   -0.0000801398    0.0138363099
   0.0002515298    0.0001271702    0.0138513699
  -0.0000427702    0.0000566802    0.0138898599
  -0.0005268802   -0.0000164598    0.0131732999
   0.0003032298    0.0000842602    0.0135557999
  -0.0000949702   -0.0000213598    0.0138469999
   0.0000779198   -0.0000750998    0.0138725099
   0.0064390698    0.0054089802    0.0178910999
  -0.0001988902    0.0000568602    0.0046542699
   0.0000206298   -0.0002293198    0.0046630799
  -0.0001470602   -0.0001309798    0.0047319299
  -0.0001194902   -0.0000487198    0.0043649699
   0.0000836498   -0.0000711798    0.0044053499
  -0.0000107902    0.0000686302    0.0044245099
   0.0000301798    0.0000355902    0.0044671299
   0.0001782098    0.0000001002   -0.0044645801
  -0.0000787302   -0.0001883898   -0.0046588601
   0.0001747498    0.0002423502   -0.0046757901
  -0.0006040702    0.0001892902   -0.0050418801
  -0.0001603002    0.0001062402   -0.0045372401
   0.0001541398    0.0002521502   -0.0047647101
  -0.0000140602   -0.0000749498   -0.0045506201
   0.0002947498   -0.0004537798   -0.0050155901
  -0.0026375002   -0.0054867098   -0.0035627101
  -0.0001249002   -0.0012582698    0.0000803499
  -0.0001273402   -0.0012139698    0.0001385199
  -0.0001477502   -0.0012639898    0.0001474799
  -0.0001349902   -0.0011746698    0.0003267099
  -0.0001634002   -0.0012149498    0.0002604699
  -0.0001597702   -0.0012784198    0.0002119399
  -0.0001940202   -0.0012873698    0.0001999699
  -0.0004607502    0.0019262402    0.0000650099
  -0.0000629002    0.0019680602    0.0002454299
  -0.0007179302    0.0016978302   -0.0011585001
  -0.0003064202    0.0017000202    0.0001327199
  -0.0003234102    0.0016050202    0.0003427099
  -0.0003612202    0.0016437602    0.0002817799
  -0.0003239402    0.0016847702    0.0002709499
  -0.0003651102    0.0016851602    0.0002717999
   0.0002106898    0.0011451902   -0.0004081201
   0.0003034398    0.0015428602   -0.0000521101
   0.0001337498    0.0012049702   -0.0002464401
   0.0003661298    0.0009345902   -0.0000497601
   0.0001242198    0.0012370002   -0.0001491201
   0.0001483698    0.0012495402   -0.0000473201
   0.0001796198    0.0013241102   -0.0001174101
   0.0002556198    0.0014720602   -0.0000217801
  -0.0000709602   -0.0017663698   -0.0001710301
   0.0006527898   -0.0016232598   -0.0001033501
   0.0003131898   -0.0016759598   -0.0002471201
   0.0003480198   -0.0016197498   -0.0003381201
   0.0004381798   -0.0016176998   -0.0001662801
   0.0002737698   -0.0017849298   -0.0000555301
   0.0003578598   -0.0017040298   -0.0001835401
   0.0002936998   -0.0017794798   -0.0001317701
  -0.0088285802    0.0054474702    0.0055024099
  -0.0087853902    0.0053759902    0.0055013199
  -0.0086849502    0.0053298402    0.0056653099
  -0.0088159302    0.0053937202    0.0055317799
  -0.0087499302    0.0052414502    0.0055331199
  -0.0085845702    0.0053832602    0.0052443699
  -0.0087872802    0.0057644802    0.0058715899
  -0.0087751102    0.0054055602    0.0054558599
   0.0082066098   -0.0048906298    0.0054823499
   0.0084591998   -0.0050974998    0.0055287699
   0.0084459698   -0.0051417198    0.0054924499
   0.0086205298   -0.0051948698    0.0056157999
   0.0085511698   -0.0051777698    0.0055334199
   0.0082727798   -0.0052470898    0.0054355199
   0.0084168398   -0.0050943398    0.0054479899
   0.0082689598   -0.0049269098    0.0054205199
   0.0089258198   -0.0053860998   -0.0055467501
   0.0107767398   -0.0070261798   -0.0087082301
   0.0089263498   -0.0055217198   -0.0054850901
   0.0086763198   -0.0053006898   -0.0055118401
   0.0086201398   -0.0053758798   -0.0053025101
   0.0087563698   -0.0053656398   -0.0054043701
   0.0087347698   -0.0053723098   -0.0054277501
   0.0087463198   -0.0053970798   -0.0054138101
  -0.0129827402    0.0066811902   -0.0101298201
  -0.0083732002    0.0049610802   -0.0055182701
  -0.0084917202    0.0051708702   -0.0055716501
  -0.0084728902    0.0051488102   -0.0054922201
  -0.0082882302    0.0050976102   -0.0053126501
  -0.0084255802    0.0051199802   -0.0054348101
  -0.0083915202    0.0050445002   -0.0054206901
  -0.0084056902    0.0050872202   -0.0054361801

17   
  0.0200000000000000   0.0000000000000000   0.0000000000000000
   0.0008072100   -0.0011722802   -0.0142538096
   0.0007667600    0.0007745098   -0.0140054996
   0.0007694800    0.0007679098   -0.0137137096
   0.0008119500   -0.0011844502   -0.0134674396
   0.0000542100    0.0000182798   -0.0138591596
  -0.0000642300    0.0000423698   -0.0138594996
  -0.0000498100   -0.0000500702   -0.0138592796
   0.0000357600    0.0000110098   -0.0138590496
  -0.0005799500    0.0003341498    0.0143875704
   0.0002259300    0.0000015098    0.0138715604
  -0.0005835100    0.0003365298    0.0133273604
   0.0002268300   -0.0000009702    0.0138472204
   0.0005391700    0.0002046498    0.0147538704
   0.0005396300    0.0002041798    0.0129618204
   0.0000256400   -0.0000215702    0.0139045904
   0.0000253600   -0.0000213902    0.0138157304
  -0.0186084200    0.0013327598    0.0047133404
   0.0005449100   -0.0000352002    0.0045370804
  -0.0001227200    0.0000568998    0.0045367804
   0.0003597800    0.0000136298    0.0045369204
   0.0000562800    0.0000470398    0.0046273804
  -0.0000609700   -0.0000537002    0.0044871604
  -0.0000615600   -0.0000547602    0.0045938604
   0.0000573400    0.0000468698    0.0044536704
  -0.0001002500   -0.0000159002   -0.0046882096
  -0.0001006900   -0.0000165902   -0.0043874896
   0.0004853000    0.0001066998   -0.0049961496
   0.0004865900    0.0001143198   -0.0040757896
   0.0002279800    0.0000192298   -0.0044521696
  -0.0005321500   -0.0000414202   -0.0044619396
   0.0002294600    0.0000181798   -0.0046259096
  -0.0005312900   -0.0000425502   -0.0046184696
   0.0020560200    0.0003195798    0.0012013904
  -0.0003299200   -0.0013977902    0.0001561304
  -0.0000030100   -0.0013333802    0.0000978104
  -0.0003183800   -0.0014058302    0.0001997504
  -0.0001382700   -0.0013792902    0.0000373404
  -0.0001966000   -0.0011772502    0.0002915704
  -0.0001596000   -0.0012594702    0.0001688804
  -0.0001622400   -0.0012664002    0.0001893104
  -0.0001735500    0.0016417498    0.0002850704
  -0.0004862000    0.0015696898    0.0001840504
   0.0018626200    0.0032278298   -0.0007864396
  -0.0004996500    0.0015771198    0.0002266304
  -0.0003644000    0.0017987898    0.0000910404
  -0.0003064300    0.0015965298    0.0003457204
  -0.0003301200    0.0017096498    0.0001934604
  -0.0003281700    0.0017157098    0.0002142004
   0.0001176600    0.0014666998    0.0000907804
   0.0001480000    0.0011688398   -0.0002387896
  -0.0000284100    0.0011688898   -0.0001385496
   0.0000777700    0.0014872698   -0.0006603396
  -0.0000218100    0.0011057298   -0.0001481596
   0.0002544500    0.0013747198   -0.0002640796
   0.0001512700    0.0012629698   -0.0001757596
   0.0001785700    0.0012657898   -0.0001724596
   0.0002501700   -0.0014908302    0.0002666404
   0.0001405600   -0.0018077002   -0.0002433896
   0.0003161000   -0.0018071202   -0.0001436896
   0.0002866700   -0.0015072402   -0.0004745796
   0.0001459400   -0.0018702602   -0.0002337296
   0.0004220600   -0.0016013702   -0.0001177996
   0.0003191600   -0.0017125002   -0.0002062296
   0.0003463900   -0.0017106002   -0.0002094396
  -0.0085648800    0.0052219098    0.0054255004
  -0.0087902600    0.0054180098    0.0054916904
  -0.0087166100    0.0053714098    0.0053071304
  -0.0089409800    0.0054629198    0.0055652904
  -0.0086030500    0.0054862698    0.0052449104
  -0.0088432400    0.0053947898    0.0055561904
  -0.0084114000    0.0051243898    0.0051760104
  -0.0089500400    0.0054681998    0.0055804304
   0.0085992600   -0.0052541602    0.0055107404
   0.0083752900   -0.0050589802    0.0054442804
   0.0084464700   -0.0051040302    0.0056283604
   0.0082231700   -0.0050139602    0.0053701704
   0.0082155200   -0.0050088102    0.0053545904
   0.0087542500   -0.0053559802    0.0057614004
   0.0083201200   -0.0050818002    0.0053762004
   0.0085616100   -0.0049892402    0.0056901304
   0.0084312100   -0.0053022702   -0.0053709796
   0.0146181300   -0.0078216102   -0.0092459296
   0.0084875100   -0.0051660002   -0.0054524496
   0.0088426600   -0.0054477702   -0.0054909196
   0.0087953500   -0.0053352902   -0.0054826996
   0.0087437800   -0.0054026002   -0.0054838596
   0.0086825800   -0.0053816802   -0.0053859396
   0.0087706100   -0.0053921402   -0.0054898996
  -0.0027518000    0.0027879598   -0.0018895696
  -0.0087341400    0.0051732398   -0.0055645896
  -0.0083215900    0.0050285598   -0.0054447196
  -0.0086771500    0.0053111198   -0.0054827396
  -0.0084821600    0.0050950798   -0.0055485796
  -0.0083948900    0.0050849998   -0.0054450196
  -0.0083699000    0.0051423698   -0.0054522796
  -0.0084221000    0.0050746998   -0.0054515396

33   
  0.0200000000000000   0.0000000000000000   0.0000000000000000
  -0.0002858701    0.0002524995   -0.0138647301
   0.0001756499    0.0000217395   -0.0139659701
  -0.0001931201   -0.0001527405   -0.0139141101
   0.0001263999   -0.0001248105   -0.0137123401
   0.0000014299    0.0000226595   -0.0138592101
  -0.0000169801    0.0000047495   -0.0139049501
   0.0000468699    0.0000021995   -0.0138506601
  -0.0000360201   -0.0000138005   -0.0138829701
   0.0005023799   -0.0001751205    0.0135146599
  -0.0002296401   -0.0000141705    0.0137267499
   0.0001699599   -0.0001185805    0.0139966599
  -0.0000777601   -0.0000120405    0.0138588999
  -0.0001229901   -0.0000038605    0.0137081199
   0.0001100599    0.0000796895    0.0137554199
  -0.0000375001   -0.0000253305    0.0138666299
   0.0000486099   -0.0000661305    0.0139241499
   0.0022053899    0.0016882495    0.0057961399
  -0.0001696701    0.0000641095    0.0045317299
   0.0001622299   -0.0000555505    0.0044399499
  -0.0001561301   -0.0002498805    0.0046882599
   0.0000261799   -0.0000452205    0.0045049899
  -0.0000330701    0.0000018295    0.0045443099
   0.0000042299    0.0000171495    0.0045172099
   0.0000019399    0.0000096595    0.0045617999
  -0.0000481201   -0.0000189505   -0.0045562401
  -0.0000168601   -0.0001295405   -0.0046327601
  -0.0001936401   -0.0001818105   -0.0043337201
  -0.0000825701    0.0003798895   -0.0049018401
  -0.0001888401    0.0001200995   -0.0044530901
   0.0000905699    0.0000260495   -0.0045646401
  -0.0000152201   -0.0000229305   -0.0045338801
   0.0000146099   -0.0000658205   -0.0046155801
  -0.0041287201   -0.0034750405   -0.0007321101
  -0.0000873401   -0.0012598405    0.0001661999
  -0.0001688201   -0.0012145705    0.0001772999
  -0.0000908601   -0.0011789105    0.0001945199
  -0.0001690401   -0.0012594605    0.0001974899
  -0.0001724101   -0.0012646505    0.0001904299
  -0.0001609001   -0.0012768805    0.0001704699
  -0.0001846001   -0.0012904305    0.0001474099
  -0.0003379501    0.0014988995    0.0002254099
   0.0000959499    0.0020670195    0.0003751199
  -0.0001038101    0.0021613095   -0.0000541501
  -0.0003280501    0.0016686995    0.0002042799
  -0.0003350701    0.0016661195    0.0002402099
  -0.0003353001    0.0016835895    0.0002275299
  -0.0003349701    0.0017046295    0.0002153599
  -0.0003348101    0.0017145495    0.0002002299
   0.0002643199    0.0012851595   -0.0002014401
   0.0002041499    0.0015317195    0.0000178499
   0.0002473699    0.0013387895   -0.0001490901
   0.0001196399    0.0010256395   -0.0001718101
   0.0001140099    0.0012027295   -0.0001999201
   0.0001580199    0.0012617895   -0.0001544801
   0.0001780099    0.0013004395   -0.0001653501
   0.0001889899    0.0013114195   -0.0001510001
   0.0009445399   -0.0016497205   -0.0005995401
   0.0009573199   -0.0016975705    0.0001459399
   0.0003502499   -0.0016609805   -0.0002368001
   0.0003503299   -0.0016381505   -0.0002622401
   0.0003671099   -0.0016725505   -0.0002072501
   0.0003280399   -0.0017106705   -0.0001817201
   0.0003673399   -0.0016552205   -0.0002472501
   0.0003280799   -0.0017054505   -0.0002108801
  -0.0088251201    0.0054375995    0.0054897799
  -0.0087313601    0.0053685295    0.0054596799
  -0.0088262901    0.0053778095    0.0056205099
  -0.0086174901    0.0053213395    0.0053992499
  -0.0087729001    0.0053552595    0.0055008599
  -0.0084798701    0.0053817795    0.0051092799
  -0.0087593801    0.0054315495    0.0055134999
  -0.0087568901    0.0053878395    0.0054524499
   0.0084635799   -0.0051297005    0.0054785199
   0.0084296599   -0.0051000605    0.0055073899
   0.0083602999   -0.0050677805    0.0054028199
   0.0084866999   -0.0051530805    0.0055329399
   0.0085123099   -0.0051386905    0.0055377599
   0.0083355399   -0.0051197205    0.0054110899
   0.0084349199   -0.0050876505    0.0054924099
   0.0083907199   -0.0050415505    0.0054812799
   0.0088317299   -0.0054131005   -0.0054898201
   0.0078571099   -0.0053531305   -0.0053139201
   0.0088571199   -0.0054451805   -0.0054876201
   0.0085222599   -0.0052323605   -0.0054410801
   0.0087586499   -0.0053811905   -0.0054883701
   0.0087272199   -0.0053686105   -0.0054145501
   0.0087555299   -0.0053758005   -0.0054748701
   0.0087486099   -0.0053846705   -0.0054480201
  -0.0078038701    0.0051088395   -0.0050005801
  -0.0083332301    0.0049478895   -0.0054851101
  -0.0084547101    0.0051245795   -0.0054888301
  -0.0084836901    0.0051495095   -0.0054959301
  -0.0084768101    0.0050974395   -0.0055270301
  -0.0083863201    0.0050910695   -0.0054399901
  -0.0084302001    0.0050830995   -0.0054784701
  -0.0084071501    0.0051014595   -0.0054750301

33   
 -0.0200000000000000   0.0000000000000000   0.0000000000000000
   0.0002780102   -0.0002473698   -0.0138602497
  -0.0001512498    0.0000052502   -0.0137780697
   0.0001862902    0.0001572802   -0.0138110097
  -0.0001317798    0.0001286302   -0.0140127697
  -0.0000072898   -0.0000169298   -0.0138650897
   0.0000107202    0.0000002102   -0.0138208397
  -0.0000529698    0.0000020202   -0.0138745297
   0.0000302802    0.0000186902   -0.0138431297
  -0.0004987298    0.0001793802    0.0142200903
   0.0002286002    0.0000091302    0.0139974803
  -0.0001682298    0.0001138802    0.0137297903
   0.0000776402    0.0000084102    0.0138664003
   0.0001238502    0.0000004902    0.0140169603
  -0.0001084098   -0.0000825698    0.0139708803
   0.0000384602    0.0000213602    0.0138582403
  -0.0000470598    0.0000615402    0.0138026503
  -0.0022190398   -0.0017333698    0.0032543403
   0.0001556102   -0.0000666498    0.0045467303
  -0.0001695798    0.0000533502    0.0046368703
   0.0001438302    0.0002451502    0.0043905403
  -0.0000354498    0.0000415002    0.0045728103
   0.0000214002   -0.0000048598    0.0045341403
  -0.0000146198   -0.0000200798    0.0045602503
  -0.0000118798   -0.0000132698    0.0045165403
   0.0000517102    0.0000239002   -0.0045216697
   0.0000227102    0.0001335002   -0.0044464097
   0.0001978602    0.0001867602   -0.0047451697
   0.0000924902   -0.0003725298   -0.0041802797
   0.0001917902   -0.0001151298   -0.0046249597
  -0.0000837698   -0.0000208998   -0.0045150997
   0.0000193402    0.0000276002   -0.0045442697
  -0.0000077098    0.0000705002   -0.0044625797
   0.0039778202    0.0008762502    0.0011114703
  -0.0002514798   -0.0012952298    0.0001739103
  -0.0001703898   -0.0013406798    0.0001626603
  -0.0002478798   -0.0013755398    0.0001460903
  -0.0001698198   -0.0012960598    0.0001425103
  -0.0001668498   -0.0012906898    0.0001496403
  -0.0001781598   -0.0012787998    0.0001691303
  -0.0001545998   -0.0012653798    0.0001924703
  -0.0003375198    0.0018950602    0.0002011203
  -0.0007688998    0.0013296602    0.0000524203
  -0.0005706698    0.0012347302    0.0004769103
  -0.0003481998    0.0017259702    0.0002211603
  -0.0003409398    0.0017286502    0.0001851403
  -0.0003405298    0.0017111802    0.0001977503
  -0.0003409098    0.0016896002    0.0002101103
  -0.0003410398    0.0016802502    0.0002252703
   0.0000708802    0.0012718502   -0.0001389397
   0.0001303802    0.0010270802   -0.0003565197
   0.0000871302    0.0012177102   -0.0001910597
   0.0002134502    0.0015308902   -0.0001686697
   0.0002204502    0.0013539602   -0.0001401797
   0.0001768002    0.0012948202   -0.0001857597
   0.0001563802    0.0012560502   -0.0001747597
   0.0001459002    0.0012452002   -0.0001891297
  -0.0002826998   -0.0017438998    0.0001790903
  -0.0002723298   -0.0016961798   -0.0005628597
   0.0003210702   -0.0017323198   -0.0001887997
   0.0003206002   -0.0017551498   -0.0001632497
   0.0003038902   -0.0017206998   -0.0002186097
   0.0003428802   -0.0016833098   -0.0002433997
   0.0003037402   -0.0017381898   -0.0001787997
   0.0003429502   -0.0016886898   -0.0002144397
  -0.0086759798    0.0053260702    0.0054323703
  -0.0087679298    0.0053938102    0.0054616203
  -0.0086763398    0.0053858102    0.0053007803
  -0.0088830398    0.0054415202    0.0055227503
  -0.0087274898    0.0054075602    0.0054215203
  -0.0090180998    0.0053809202    0.0058088003
  -0.0087406798    0.0053313302    0.0054087003
  -0.0087433798    0.0053750302    0.0054691503
   0.0083674702   -0.0050626098    0.0054695003
   0.0083995002   -0.0050906398    0.0054406103
   0.0084698602   -0.0051233198    0.0055456603
   0.0083417802   -0.0050379598    0.0054145703
   0.0083175702   -0.0050523298    0.0054109303
   0.0084928802   -0.0050713198    0.0055375303
   0.0083945802   -0.0051032898    0.0054561503
   0.0084378102   -0.0051482298    0.0054664703
   0.0086651402   -0.0053495898   -0.0054328997
   0.0096434202   -0.0054074498   -0.0056078697
   0.0086395702   -0.0053174498   -0.0054350897
   0.0089704902   -0.0055278798   -0.0054803897
   0.0087377602   -0.0053804498   -0.0054345997
   0.0087679402   -0.0053931698   -0.0055071697
   0.0087399102   -0.0053859198   -0.0054468197
   0.0087469702   -0.0053769098   -0.0054738797
  -0.0090318498    0.0050774502   -0.0059538897
  -0.0084990998    0.0052429102   -0.0054617597
  -0.0083791698    0.0050676102   -0.0054595097
  -0.0083501998    0.0050424502   -0.0054519097
  -0.0083576098    0.0050941402   -0.0054221497
  -0.0084465598    0.0051004702   -0.0055071897
  -0.0084031298    0.0051084502   -0.0054694897
  -0.0084263298    0.0050900102   -0.0054727697

33   
 -0.0001350874470480   0.0199995437793378   0.0000000000000000
  -0.0000800301    0.0003312600   -0.0136293995
  -0.0003683901    0.0001709600   -0.0137957795
  -0.0003024901   -0.0002685700   -0.0139002295
   0.0002429899   -0.0003701000   -0.0137109195
  -0.0000149301   -0.0000399400   -0.0139411595
  -0.0000093501   -0.0000149700   -0.0139510295
   0.0000006899    0.0000445000   -0.0138633695
   0.0000060799    0.0000196100   -0.0138806295
   0.0002214999    0.0001515400    0.0136156205
  -0.0000731101    0.0000643400    0.0138135105
   0.0000817899   -0.0003240500    0.0141606905
  -0.0000066201   -0.0000621100    0.0138744005
  -0.0001610201   -0.0000276400    0.0136063405
   0.0001878499    0.0001154600    0.0135920705
  -0.0000305901   -0.0000175900    0.0138622105
   0.0000322599   -0.0000736100    0.0139045805
   0.0014934699    0.0042060900    0.0070207105
  -0.0001237401    0.0000891200    0.0045303305
  -0.0000602101   -0.0003465100    0.0046375805
  -0.0001311201   -0.0002579600    0.0046897305
  -0.0001050201    0.0000323000    0.0044482305
   0.0000971099   -0.0000686200    0.0044489205
   0.0000144099   -0.0000037500    0.0045344005
   0.0000080899    0.0000157900    0.0045393605
   0.0001932499   -0.0001150900   -0.0044144595
  -0.0001059201   -0.0002773200   -0.0046812695
  -0.0001054801    0.0001126900   -0.0044531895
   0.0002153099    0.0003512700   -0.0043723395
  -0.0001677301    0.0001252200   -0.0044709895
   0.0000989599    0.0000583400   -0.0045760995
  -0.0000115701   -0.0000346500   -0.0045734295
  -0.0000078801   -0.0001324400   -0.0047030295
  -0.0022453301   -0.0070367900   -0.0030056495
  -0.0001508601   -0.0012862400    0.0001446605
  -0.0001062801   -0.0010910500    0.0002235705
  -0.0000714901   -0.0011576500    0.0001726005
  -0.0001503001   -0.0012234300    0.0002447105
  -0.0001558001   -0.0012185400    0.0002441705
  -0.0001678901   -0.0012880600    0.0001679005
  -0.0001816901   -0.0012905800    0.0001554305
  -0.0005363601    0.0021429100    0.0001113405
   0.0000284099    0.0020455000    0.0003181305
   0.0001217199    0.0025466200   -0.0003533395
  -0.0003664901    0.0016651000    0.0002102005
  -0.0003197701    0.0016758500    0.0002558705
  -0.0003295401    0.0016714500    0.0002545705
  -0.0003504301    0.0016711300    0.0002383505
  -0.0003679901    0.0016756300    0.0002370305
   0.0001744599    0.0011921900   -0.0002640395
   0.0004228699    0.0017769600    0.0001024805
   0.0002273299    0.0012707100   -0.0002163495
  -0.0000836401    0.0014443100   -0.0004635295
   0.0000934399    0.0012007400   -0.0001749895
   0.0001521999    0.0012633800   -0.0001311995
   0.0001903199    0.0013120300   -0.0001436395
   0.0002015299    0.0013302300   -0.0001304595
   0.0003347899   -0.0018978900   -0.0002985195
   0.0003787899   -0.0018993000   -0.0000678495
   0.0003941899   -0.0015497600   -0.0002643395
   0.0003718799   -0.0015495300   -0.0003325395
   0.0003773099   -0.0016745200   -0.0001779995
   0.0003276399   -0.0017154800   -0.0001350995
   0.0003601399   -0.0016745700   -0.0002312095
   0.0003225099   -0.0017153500   -0.0002012195
  -0.0088644701    0.0054879700    0.0054988405
  -0.0088050601    0.0054050400    0.0054945705
  -0.0086981401    0.0052823700    0.0054055905
  -0.0087039601    0.0053440400    0.0054399105
  -0.0087687001    0.0053217800    0.0054942805
  -0.0085129701    0.0053846000    0.0051457205
  -0.0087369901    0.0054538400    0.0055419805
  -0.0087796201    0.0053936900    0.0054748105
   0.0081168599   -0.0047963000    0.0054700605
   0.0084650999   -0.0051128700    0.0055146205
   0.0084468699   -0.0051276400    0.0054295705
   0.0083879099   -0.0051110400    0.0054675905
   0.0085061499   -0.0051477100    0.0055293205
   0.0083565099   -0.0051730800    0.0054055505
   0.0084505499   -0.0050869600    0.0055151005
   0.0083982399   -0.0049963300    0.0055080505
   0.0088456699   -0.0054141500   -0.0054933995
   0.0079684299   -0.0047299700   -0.0047471695
   0.0088411799   -0.0054467800   -0.0054765295
   0.0086863899   -0.0053143000   -0.0054802095
   0.0085703899   -0.0054155800   -0.0052513395
   0.0087724799   -0.0054025100   -0.0054611595
   0.0087683899   -0.0053598600   -0.0054817495
   0.0087435899   -0.0053697500   -0.0054472795
  -0.0075020701    0.0042380400   -0.0050708395
  -0.0083183601    0.0048930900   -0.0054864295
  -0.0085102001    0.0051759500   -0.0055463995
  -0.0085020401    0.0051798600   -0.0054896195
  -0.0082568601    0.0050884400   -0.0052961295
  -0.0084444801    0.0051059100   -0.0054790095
  -0.0084346801    0.0050846000   -0.0055093295
  -0.0084103301    0.0050960400   -0.0054693895

33   
  0.0001350874470480  -0.0199995437793378   0.0000000000000000
   0.0000774001   -0.0003279700   -0.0140980201
   0.0003820401   -0.0001514800   -0.0139350801
   0.0003027101    0.0002756200   -0.0138241001
  -0.0002495399    0.0003776000   -0.0140150301
   0.0000115701    0.0000458200   -0.0137812701
   0.0000056801    0.0000199500   -0.0137702001
  -0.0000048199   -0.0000395400   -0.0138593001
  -0.0000098499   -0.0000141400   -0.0138417301
  -0.0002252899   -0.0001404400    0.0141277099
   0.0000774501   -0.0000672700    0.0139091699
  -0.0000794399    0.0003208500    0.0135569699
   0.0000097501    0.0000587100    0.0138465799
   0.0001655501    0.0000243500    0.0141215199
  -0.0001862799   -0.0001204400    0.0141350699
   0.0000345101    0.0000141600    0.0138622099
  -0.0000295499    0.0000707300    0.0138196499
  -0.0016071199   -0.0043601600    0.0019290099
   0.0001163501   -0.0000913700    0.0045455999
   0.0000500301    0.0003429400    0.0044415899
   0.0001248201    0.0002552100    0.0043860799
   0.0000996301   -0.0000361700    0.0046317899
  -0.0001055999    0.0000649100    0.0046297299
  -0.0000235599    0.0000009400    0.0045451599
  -0.0000181299   -0.0000178900    0.0045403499
  -0.0001866299    0.0001201600   -0.0046645601
   0.0001130501    0.0002817300   -0.0043964901
   0.0001137501   -0.0001101000   -0.0046226101
  -0.0002032499   -0.0003502500   -0.0047010401
   0.0001779701   -0.0001223700   -0.0046084001
  -0.0000922399   -0.0000556200   -0.0045041901
   0.0000193801    0.0000409600   -0.0045062801
   0.0000143601    0.0001415900   -0.0043765801
   0.0020178801    0.0045064500    0.0034900099
  -0.0001856899   -0.0012684200    0.0001956299
  -0.0002306199   -0.0014633500    0.0001171099
  -0.0002656699   -0.0013976200    0.0001677499
  -0.0001866299   -0.0013325000    0.0000945799
  -0.0001812999   -0.0013367600    0.0000953699
  -0.0001692399   -0.0012671900    0.0001715099
  -0.0001555399   -0.0012648200    0.0001837399
  -0.0001408499    0.0012572600    0.0003143499
  -0.0007047799    0.0013468400    0.0001067799
  -0.0008006599    0.0008393500    0.0007821799
  -0.0003079899    0.0017299200    0.0002158899
  -0.0003536599    0.0017198300    0.0001692199
  -0.0003441599    0.0017245100    0.0001701699
  -0.0003230299    0.0017241900    0.0001864199
  -0.0003058599    0.0017194700    0.0001875099
   0.0001614701    0.0013643200   -0.0000753501
  -0.0000824799    0.0007868400   -0.0004389101
   0.0001091601    0.0012869200   -0.0001234201
   0.0004221101    0.0011126100    0.0001257199
   0.0002441901    0.0013571500   -0.0001651101
   0.0001852501    0.0012944100   -0.0002083101
   0.0001465801    0.0012452800   -0.0001971701
   0.0001352001    0.0012273500   -0.0002103101
   0.0003448501   -0.0014937100   -0.0001295401
   0.0002905001   -0.0014957400   -0.0003589401
   0.0002790301   -0.0018430500   -0.0001610801
   0.0003024101   -0.0018425300   -0.0000932701
   0.0002955201   -0.0017189600   -0.0002476701
   0.0003443501   -0.0016784700   -0.0002905201
   0.0003128701   -0.0017192300   -0.0001945601
   0.0003507501   -0.0016785600   -0.0002249301
  -0.0086343699    0.0052758100    0.0054241899
  -0.0086934999    0.0053583900    0.0054281499
  -0.0088007099    0.0054811300    0.0055124799
  -0.0087934599    0.0054192400    0.0054812699
  -0.0087304299    0.0054415300    0.0054272699
  -0.0089871799    0.0053790700    0.0057773499
  -0.0087612599    0.0053096100    0.0053782599
  -0.0087184699    0.0053700800    0.0054464899
   0.0087163101   -0.0053958500    0.0054788499
   0.0083673901   -0.0050784400    0.0054342399
   0.0083829101   -0.0050610100    0.0055168999
   0.0084425901   -0.0050781500    0.0054799999
   0.0083240601   -0.0050421400    0.0054170799
   0.0084747401   -0.0050182300    0.0055435099
   0.0083815101   -0.0051033100    0.0054325199
   0.0084348601   -0.0051947100    0.0054402399
   0.0086519901   -0.0053465500   -0.0054287601
   0.0095417901   -0.0060402000   -0.0061874001
   0.0086560701   -0.0053146800   -0.0054460201
   0.0088147001   -0.0054491200   -0.0054432301
   0.0089268301   -0.0053463200   -0.0056704301
   0.0087248401   -0.0053586800   -0.0054605701
   0.0087306601   -0.0054017500   -0.0054412701
   0.0087550701   -0.0053915500   -0.0054751201
  -0.0093390799    0.0059712000   -0.0058791601
  -0.0085124099    0.0052987100   -0.0054616301
  -0.0083227799    0.0050168000   -0.0054035001
  -0.0083297299    0.0050123700   -0.0054601001
  -0.0085765899    0.0051039000   -0.0056538601
  -0.0083876199    0.0050858000   -0.0054692901
  -0.0083966399    0.0051080700   -0.0054384501
  -0.0084207599    0.0050961700   -0.0054781601

33   
  0.0074985587831579   0.0073976341109208   0.0170013712898833
  -0.0002431100    0.0003697199   -0.0135335600
  -0.0003569600   -0.0000946001   -0.0133050000
  -0.0003404800   -0.0002918301   -0.0138681900
   0.0002389300   -0.0002963701   -0.0135639600
  -0.0000185400   -0.0000663501   -0.0140014000
  -0.0000052500   -0.0000309001   -0.0140077300
   0.0000496400    0.0000840099   -0.0139797000
  -0.0000273900    0.0000297099   -0.0139743600
   0.0003421500   -0.0000753801    0.0138654200
  -0.0001497500   -0.0000435001    0.0138508300
   0.0002177900   -0.0002489301    0.0141976400
  -0.0000526900   -0.0000111801    0.0139246600
  -0.0002113200   -0.0000566001    0.0135072400
   0.0002248700    0.0000711799    0.0135232800
  -0.0000487800    0.0000081299    0.0138083800
   0.0000484900   -0.0000361401    0.0138474900
   0.0021974000    0.0040285299    0.0084774000
  -0.0001205600    0.0000790599    0.0046174600
  -0.0000234100   -0.0002208601    0.0046285100
  -0.0000824600   -0.0001493201    0.0046452700
  -0.0001426800    0.0000101899    0.0043794100
   0.0001267200   -0.0000861501    0.0043967100
   0.0000050200    0.0000243999    0.0044778400
   0.0000193700    0.0000244299    0.0045026200
   0.0002777200   -0.0001442001   -0.0043171300
  -0.0001030600   -0.0002670801   -0.0046688900
  -0.0000834700    0.0001592599   -0.0044458600
  -0.0003651600    0.0006018899   -0.0046940900
  -0.0001122500    0.0001014299   -0.0045174200
  -0.0000094800    0.0001505099   -0.0047043400
  -0.0000139700   -0.0000419801   -0.0045925500
   0.0000015100   -0.0001460201   -0.0047437000
  -0.0031925600   -0.0068874001   -0.0052579600
  -0.0001340400   -0.0012962301    0.0000984000
  -0.0001395200   -0.0011410901    0.0001755400
  -0.0000832400   -0.0011953001    0.0001236800
  -0.0001383900   -0.0011870701    0.0002833300
  -0.0001475700   -0.0011876701    0.0002824000
  -0.0001642400   -0.0012827801    0.0001973800
  -0.0001982100   -0.0012995101    0.0001801500
  -0.0004197600    0.0018711299    0.0000132400
  -0.0001782500    0.0018725299    0.0002107300
   0.0001436700    0.0026651099   -0.0007758000
  -0.0003369000    0.0016769999    0.0001601500
  -0.0003190000    0.0016564999    0.0002891700
  -0.0003355000    0.0016603599    0.0002900700
  -0.0003537800    0.0016541299    0.0002798800
  -0.0003705600    0.0016583099    0.0002676600
   0.0001799400    0.0011677499   -0.0003192600
   0.0004361000    0.0017904099    0.0000209800
   0.0002378900    0.0012583999   -0.0002468700
   0.0000547100    0.0009948499   -0.0003426000
   0.0000954400    0.0012167999   -0.0001470200
   0.0001725300    0.0012997799   -0.0000866800
   0.0001843800    0.0013213599   -0.0001139500
   0.0002048500    0.0013433199   -0.0001021400
   0.0002686000   -0.0018778601   -0.0003830400
   0.0009196100   -0.0016970201   -0.0000166600
   0.0004051000   -0.0015272601   -0.0003174900
   0.0003754500   -0.0015765201   -0.0003520900
   0.0003919700   -0.0016640001   -0.0001606700
   0.0003288200   -0.0017186901   -0.0001157300
   0.0003521900   -0.0017028901   -0.0001953000
   0.0003022600   -0.0017736101   -0.0001511800
  -0.0088718600    0.0054949799    0.0054932300
  -0.0088283300    0.0054127599    0.0055091900
  -0.0085801700    0.0052035099    0.0057866000
  -0.0087027200    0.0053439199    0.0054458700
  -0.0087273900    0.0052888099    0.0054829100
  -0.0085938400    0.0053855999    0.0052622000
  -0.0087483500    0.0054825899    0.0055671100
  -0.0087848300    0.0054062699    0.0054733300
   0.0079362900   -0.0046302101    0.0054697300
   0.0084606700   -0.0051043801    0.0055107500
   0.0084343300   -0.0051327501    0.0054194000
   0.0085266900   -0.0051829301    0.0055454500
   0.0084958500   -0.0051417301    0.0055180300
   0.0083606000   -0.0052402001    0.0056427700
   0.0084554600   -0.0050923201    0.0055204200
   0.0083907800   -0.0049964101    0.0055110300
   0.0088632900   -0.0054148401   -0.0055023200
   0.0078445700   -0.0046313501   -0.0047555100
   0.0088216000   -0.0054379101   -0.0054739100
   0.0086820100   -0.0053353001   -0.0054870700
   0.0085147900   -0.0054215201   -0.0051840200
   0.0087884600   -0.0053908801   -0.0054427300
   0.0087591400   -0.0053486101   -0.0054648500
   0.0087440300   -0.0053802601   -0.0054361000
  -0.0072133900    0.0046932499   -0.0047885100
  -0.0083779200    0.0049736799   -0.0055035200
  -0.0084823500    0.0051583599   -0.0055256400
  -0.0084723100    0.0051552899   -0.0054847700
  -0.0082031800    0.0051006399   -0.0052291800
  -0.0084436000    0.0051100199   -0.0054618100
  -0.0084274000    0.0050529999   -0.0054801100
  -0.0084017500    0.0050910299   -0.0054585700

33   
 -0.0074985587831579  -0.0073976341109208  -0.0170013712898833
   0.0002382202   -0.0003684703   -0.0141913304
   0.0003670102    0.0001108097   -0.0144155204
   0.0003395202    0.0002995097   -0.0138537504
  -0.0002447498    0.0003044197   -0.0141615704
   0.0000147702    0.0000705097   -0.0137209704
   0.0000014902    0.0000354097   -0.0137126804
  -0.0000538398   -0.0000792703   -0.0137431404
   0.0000237202   -0.0000251103   -0.0137469904
  -0.0003561398    0.0001001397    0.0138983496
   0.0001545102    0.0000388197    0.0138729496
  -0.0002171198    0.0002462397    0.0135216996
   0.0000557902    0.0000074597    0.0137975696
   0.0002171302    0.0000524897    0.0142184896
  -0.0002240498   -0.0000776803    0.0142020696
   0.0000524002   -0.0000118503    0.0139129596
  -0.0000456698    0.0000334097    0.0138734796
  -0.0023456598   -0.0042873103    0.0004515496
   0.0001138402   -0.0000846503    0.0044621596
   0.0000152502    0.0002210697    0.0044514896
   0.0000753202    0.0001493197    0.0044319396
   0.0001339502   -0.0000134003    0.0047012896
  -0.0001334298    0.0000829997    0.0046837596
  -0.0000141198   -0.0000293503    0.0046017296
  -0.0000275798   -0.0000288803    0.0045772196
  -0.0002694098    0.0001492297   -0.0047613504
   0.0001098802    0.0002724097   -0.0044101104
   0.0000909002   -0.0001593603   -0.0046320504
   0.0003722702   -0.0005956803   -0.0043803104
   0.0001215202   -0.0000991503   -0.0045644504
   0.0000149002   -0.0001468603   -0.0043768704
   0.0000215102    0.0000469597   -0.0044885504
   0.0000062602    0.0001522197   -0.0043347804
   0.0030335202    0.0045431897    0.0057212896
  -0.0002028898   -0.0012591003    0.0002418196
  -0.0001984298   -0.0014164803    0.0001637496
  -0.0002549898   -0.0013613503    0.0002157896
  -0.0001997298   -0.0013696503    0.0000555496
  -0.0001898398   -0.0013687703    0.0000567596
  -0.0001730598   -0.0012726003    0.0001427496
  -0.0001391498   -0.0012562103    0.0001598096
  -0.0002525898    0.0015195797    0.0004117196
  -0.0005022098    0.0015159797    0.0002122596
  -0.0008237098    0.0007155497    0.0012193896
  -0.0003367098    0.0017173997    0.0002652096
  -0.0003544998    0.0017382697    0.0001353496
  -0.0003378798    0.0017342597    0.0001348496
  -0.0003197798    0.0017405797    0.0001450696
  -0.0003029098    0.0017353697    0.0001580196
   0.0001554202    0.0013874397   -0.0000213104
  -0.0000973198    0.0007719997   -0.0003604104
   0.0000984602    0.0012984197   -0.0000922104
   0.0002800702    0.0015644897    0.0000003396
   0.0002422502    0.0013405397   -0.0001927504
   0.0001644202    0.0012568897   -0.0002537004
   0.0001521902    0.0012346897   -0.0002262104
   0.0001310502    0.0012122597   -0.0002386704
   0.0004107502   -0.0015140403   -0.0000456104
  -0.0002411598   -0.0016968703   -0.0004104404
   0.0002682002   -0.0018667303   -0.0001083104
   0.0002978202   -0.0018173703   -0.0000731804
   0.0002803402   -0.0017306603   -0.0002651604
   0.0003444302   -0.0016748303   -0.0003105804
   0.0003205002   -0.0016911603   -0.0002302004
   0.0003708502   -0.0016205503   -0.0002745104
  -0.0086266298    0.0052672297    0.0054289196
  -0.0086711698    0.0053502797    0.0054132296
  -0.0089169198    0.0055561897    0.0051401296
  -0.0087958298    0.0054188197    0.0054759496
  -0.0087713898    0.0054746697    0.0054390596
  -0.0089078898    0.0053774897    0.0056633796
  -0.0087508898    0.0052792497    0.0053539596
  -0.0087138198    0.0053562397    0.0054483796
   0.0088941002   -0.0055589903    0.0054792496
   0.0083717402   -0.0050874603    0.0054377396
   0.0083961502   -0.0050575203    0.0055283696
   0.0083050102   -0.0050088503    0.0054024296
   0.0083350702   -0.0050490303    0.0054296096
   0.0084726702   -0.0049506403    0.0053070496
   0.0083762402   -0.0050991403    0.0054274496
   0.0084415002   -0.0051961203    0.0054368896
   0.0086338802   -0.0053474603   -0.0054198104
   0.0096736202   -0.0061436903   -0.0061790204
   0.0086758202   -0.0053240303   -0.0054485404
   0.0088185402   -0.0054292203   -0.0054355004
   0.0089834302   -0.0053413603   -0.0057373004
   0.0087102002   -0.0053718303   -0.0054801604
   0.0087391702   -0.0054138103   -0.0054573004
   0.0087542602   -0.0053823003   -0.0054864004
  -0.0096397998    0.0055049297   -0.0061729704
  -0.0084555698    0.0052195297   -0.0054450404
  -0.0083495098    0.0050327997   -0.0054223704
  -0.0083590698    0.0050354597   -0.0054634604
  -0.0086295898    0.0050906397   -0.0057195804
  -0.0083893798    0.0050818297   -0.0054869804
  -0.0084049498    0.0051386197   -0.0054680904
  -0.0084308098    0.0051005497   -0.0054900104

65   
  0.0200000000000000   0.0000000000000000   0.0000000000000000
  -0.0000375798    0.0000195594   -0.0138563299
  -0.0000313498    0.0001889894   -0.0135919999
  -0.0001314798   -0.0000335106   -0.0139097499
   0.0002329002   -0.0002195506   -0.0135507199
  -0.0001460598   -0.0001829506   -0.0132112099
  -0.0002349498   -0.0000667306   -0.0141497099
   0.0000264202    0.0000426694   -0.0138381299
  -0.0000433898    0.0000059994   -0.0138732499
   0.0002922102    0.0000099394    0.0136865301
  -0.0002883598    0.0003101194    0.0139608001
  -0.0001551098    0.0005780394    0.0133661201
  -0.0003883598   -0.0002426306    0.0137191701
   0.0000585202   -0.0000024106    0.0138740901
  -0.0000500198    0.0000157094    0.0139328701
   0.0000124102   -0.0000093806    0.0138814301
  -0.0000099698    0.0000013394    0.0139252801
   0.0001785302    0.0002055894    0.0044636901
  -0.0000456598    0.0000304094    0.0045871201
   0.0000260202   -0.0001643006    0.0045194301
  -0.0001967298    0.0000037894    0.0047009101
   0.0001440102    0.0000460994    0.0044549601
  -0.0001012898   -0.0001303706    0.0044420001
   0.0003346902   -0.0000985706    0.0044795801
  -0.0002059498    0.0000546994    0.0046344301
  -0.0003144598    0.0000281594   -0.0046177199
   0.0058626002   -0.0025296606   -0.0084446699
  -0.0002590698    0.0001053194   -0.0046770599
   0.0000979202    0.0001085294   -0.0045407199
   0.0000483902    0.0000982594   -0.0044483699
  -0.0000021098   -0.0000162006   -0.0045365799
  -0.0000630898   -0.0000849706   -0.0044549099
   0.0000249102   -0.0000024706   -0.0045426599
  -0.0002440998   -0.0013932706    0.0001093601
  -0.0001520698   -0.0013336906    0.0000937301
  -0.0002432398   -0.0012269906    0.0003808401
  -0.0000374698   -0.0012326206    0.0001467601
  -0.0001925198   -0.0012975006    0.0002147801
   0.0000992102   -0.0010387106    0.0001329201
  -0.0001794598   -0.0012650406    0.0001703401
  -0.0001764298   -0.0013071706    0.0001452601
  -0.0003931898    0.0017281694    0.0001790801
  -0.0002654398    0.0016704294    0.0001025901
  -0.0002906498    0.0013978694    0.0006669001
  -0.0003230098    0.0017461094    0.0001888601
  -0.0004165098    0.0016359294    0.0002176101
  -0.0002410798    0.0017871394    0.0002013101
  -0.0003613998    0.0016789094    0.0002246001
  -0.0003186998    0.0017309794    0.0001908201
   0.0002497002    0.0013742994   -0.0001131099
  -0.0007319098    0.0004827294   -0.0005049899
   0.0002751002    0.0013706194   -0.0001722199
  -0.0000561098    0.0012123794   -0.0001229299
   0.0001774702    0.0010995094   -0.0003717499
   0.0001461502    0.0013011594   -0.0001246699
   0.0001747102    0.0012967794   -0.0001693399
   0.0001672102    0.0012719494   -0.0001732299
   0.0002679402   -0.0017833006   -0.0002130999
   0.0002975902   -0.0017907606   -0.0001916599
   0.0004183902   -0.0015983306   -0.0001784799
   0.0009517302   -0.0007708706   -0.0009705799
   0.0002760502   -0.0015381906   -0.0004199099
   0.0003653402   -0.0017254106   -0.0001791099
   0.0003220502   -0.0017153906   -0.0002131599
   0.0003446102   -0.0016911106   -0.0002223999
  -0.0153244398    0.0081292694    0.0095645301
  -0.0085850698    0.0053163894    0.0054069901
  -0.0087654698    0.0053764394    0.0054851601
  -0.0086200898    0.0052877294    0.0054433501
  -0.0087571998    0.0053850194    0.0054637201
  -0.0087006198    0.0053555794    0.0053928201
  -0.0087604598    0.0053934994    0.0054782201
  -0.0087038298    0.0053683294    0.0054017601
   0.0087725002   -0.0049987606    0.0055680601
   0.0094962202   -0.0056630006    0.0060502201
   0.0087436502   -0.0053849806    0.0054637701
   0.0083870202   -0.0050758006    0.0054792001
   0.0083913902   -0.0050823606    0.0054465001
   0.0084010202   -0.0051087106    0.0054450401
   0.0084009302   -0.0050655206    0.0054516101
   0.0083914302   -0.0051028406    0.0054449701
   0.0087976702   -0.0054135006   -0.0054957499
   0.0086592202   -0.0053056506   -0.0054407599
   0.0088147602   -0.0054149206   -0.0055018099
   0.0087042302   -0.0053450406   -0.0054815999
   0.0086942902   -0.0053771206   -0.0054047699
   0.0087059402   -0.0054187706   -0.0053913199
   0.0089661202   -0.0054911906   -0.0055960799
   0.0087721602   -0.0051714106   -0.0051961099
  -0.0083964598    0.0050588394   -0.0054545899
  -0.0083962598    0.0050636994   -0.0055011599
  -0.0084155998    0.0051033394   -0.0054732299
  -0.0084158098    0.0050933494   -0.0055506399
  -0.0085807998    0.0051625294   -0.0054699399
  -0.0083203998    0.0050599894   -0.0054301099
  -0.0085796198    0.0050504494   -0.0056164099
  -0.0083209398    0.0050690194   -0.0053913899

65   
 -0.0200000000000000   0.0000000000000000   0.0000000000000000
   0.0000323402   -0.0000150102   -0.0138647500
   0.0000272202   -0.0001852802   -0.0141301600
   0.0001270802    0.0000371598   -0.0138119300
  -0.0002358198    0.0002243198   -0.0141706700
   0.0001344902    0.0001875198   -0.0145079000
   0.0002315202    0.0000711998   -0.0135749000
  -0.0000330798   -0.0000385602   -0.0138839900
   0.0000401902   -0.0000014502   -0.0138503200
  -0.0002901598   -0.0000136502    0.0140359900
   0.0002898502   -0.0003127802    0.0137612900
   0.0001468502   -0.0005762802    0.0143550900
   0.0003900602    0.0002375898    0.0140019400
  -0.0000560898   -0.0000021802    0.0138497400
   0.0000533802   -0.0000194302    0.0137900200
  -0.0000099598    0.0000053698    0.0138419200
   0.0000127902   -0.0000063302    0.0137968800
  -0.0001885298   -0.0002094602    0.0046148400
   0.0000363402   -0.0000346602    0.0044923800
  -0.0000370098    0.0001587698    0.0045590400
   0.0001879602   -0.0000089902    0.0043790400
  -0.0001501498   -0.0000522402    0.0046260900
   0.0000915002    0.0001263698    0.0046367200
  -0.0003424898    0.0000990798    0.0046046400
   0.0001971502   -0.0000589802    0.0044446700
   0.0003217702   -0.0000253202   -0.0044605200
  -0.0056719798    0.0024002698   -0.0008202600
   0.0002651702   -0.0001005802   -0.0044015700
  -0.0000898198   -0.0001034102   -0.0045379600
  -0.0000411798   -0.0000942102   -0.0046310600
   0.0000085502    0.0000209598   -0.0045427900
   0.0000713802    0.0000886898   -0.0046245400
  -0.0000184498    0.0000067498   -0.0045367600
  -0.0000935698   -0.0011621102    0.0002311700
  -0.0001856098   -0.0012219502    0.0002460800
  -0.0000926398   -0.0013289802   -0.0000375200
  -0.0003002198   -0.0013231102    0.0001934100
  -0.0001460798   -0.0012589002    0.0001247600
  -0.0004374298   -0.0015169102    0.0002073200
  -0.0001592298   -0.0012918402    0.0001690000
  -0.0001611598   -0.0012480302    0.0001951200
  -0.0002816598    0.0016664198    0.0002459400
  -0.0004087798    0.0017239098    0.0003222600
  -0.0003848698    0.0019964898   -0.0002429800
  -0.0003512098    0.0016481198    0.0002364700
  -0.0002574998    0.0017582698    0.0002059500
  -0.0004335598    0.0016066898    0.0002244500
  -0.0003124298    0.0017159998    0.0002002300
  -0.0003560798    0.0016627698    0.0002348400
   0.0000859302    0.0011814498   -0.0002272600
   0.0010552002    0.0020694698    0.0001676900
   0.0000603602    0.0011850898   -0.0001680300
   0.0003929402    0.0013434698   -0.0002175300
   0.0001586402    0.0014571698    0.0000320700
   0.0001889902    0.0012550198   -0.0002153900
   0.0001613502    0.0012588998   -0.0001710100
   0.0001683302    0.0012840198   -0.0001669400
   0.0004043902   -0.0016102902   -0.0002124400
   0.0003744802   -0.0016029202   -0.0002335500
   0.0002547702   -0.0017942402   -0.0002468600
  -0.0002747998   -0.0026149002    0.0005388300
   0.0003971502   -0.0018564402   -0.0000045300
   0.0003067602   -0.0016687402   -0.0002464500
   0.0003507102   -0.0016787102   -0.0002122100
   0.0003273602   -0.0017029702   -0.0002029700
  -0.0022415398    0.0027525998    0.0015338000
  -0.0089151098    0.0054463298    0.0055158800
  -0.0087338598    0.0053863498    0.0054376900
  -0.0088792298    0.0054746298    0.0054792400
  -0.0087423798    0.0053775698    0.0054579800
  -0.0087990498    0.0054073898    0.0055298300
  -0.0087393098    0.0053690298    0.0054436400
  -0.0087963098    0.0053945798    0.0055211500
   0.0080536502   -0.0051944602    0.0053800900
   0.0073479202   -0.0045359302    0.0049000800
   0.0080874302   -0.0048067602    0.0054856500
   0.0084434702   -0.0051154502    0.0054694600
   0.0084395002   -0.0051087502    0.0055012800
   0.0084299902   -0.0050826802    0.0055034900
   0.0084298002   -0.0051258902    0.0054961600
   0.0084393102   -0.0050886602    0.0055035100
   0.0086999502   -0.0053490302   -0.0054266900
   0.0088386102   -0.0054569202   -0.0054820400
   0.0086823002   -0.0053471902   -0.0054198300
   0.0087930602   -0.0054174202   -0.0054407200
   0.0088036302   -0.0053857202   -0.0055173900
   0.0087904202   -0.0053432602   -0.0055296600
   0.0085290402   -0.0052701902   -0.0053247000
   0.0087253602   -0.0055909302   -0.0057259000
  -0.0084364998    0.0051325398   -0.0054937900
  -0.0084368898    0.0051280498   -0.0054473300
  -0.0084167998    0.0050876298   -0.0054744300
  -0.0084176298    0.0050982598   -0.0053984100
  -0.0082532098    0.0050341698   -0.0054817800
  -0.0085124398    0.0051313098   -0.0055175900
  -0.0082519798    0.0051386298   -0.0053322600
  -0.0085126198    0.0051227198   -0.0055565400

65   
 -0.0001350874470480   0.0199995437793378   0.0000000000000000
   0.0000304500   -0.0000242902   -0.0138623697
   0.0000232700   -0.0001587202   -0.0140639797
   0.0000935100    0.0000463098   -0.0138061297
  -0.0001404500    0.0001080198   -0.0139648397
   0.0000987300    0.0002652298   -0.0140304197
   0.0000875500    0.0001242998   -0.0137450297
   0.0000100400   -0.0001240002   -0.0139509097
  -0.0000012500   -0.0000590702   -0.0138575097
  -0.0002566200   -0.0002330302    0.0138598703
   0.0001597300   -0.0001828502    0.0137900503
   0.0002449100   -0.0001337102    0.0142218403
   0.0001366100    0.0001095798    0.0139648003
  -0.0000145100    0.0000492198    0.0138617903
  -0.0000124300   -0.0000059302    0.0138562103
   0.0000250300   -0.0000390502    0.0138422003
  -0.0000014600   -0.0000079602    0.0138320003
  -0.0001655400   -0.0002126802    0.0046202403
   0.0000326300   -0.0000308002    0.0045394603
  -0.0000137300    0.0001424398    0.0045414303
   0.0000792600    0.0000337498    0.0044713703
   0.0000996800   -0.0001461002    0.0047227703
   0.0000108100   -0.0000194002    0.0045401903
  -0.0002673100   -0.0000422202    0.0042290903
   0.0000852200   -0.0000134602    0.0044763203
   0.0000842100    0.0001121798   -0.0046164797
  -0.0023874500    0.0026057798   -0.0026691797
   0.0002226500   -0.0000998302   -0.0044236197
  -0.0000644300   -0.0001409302   -0.0045433097
   0.0000506400    0.0000171198   -0.0045758397
  -0.0000180500    0.0000151798   -0.0045559897
   0.0000044200   -0.0000121402   -0.0045457597
  -0.0000077100    0.0000016698   -0.0045172297
  -0.0001122900   -0.0011681602    0.0002334503
  -0.0001811800   -0.0012520302    0.0002024403
  -0.0001724600   -0.0013778802    0.0000059903
  -0.0002299500   -0.0013152502    0.0001682803
  -0.0001953200   -0.0013368302    0.0000973603
  -0.0001696400   -0.0012752502    0.0001727803
  -0.0001191500   -0.0012050002    0.0002352103
  -0.0001622500   -0.0012651902    0.0001905903
  -0.0003087800    0.0016654598    0.0002549303
  -0.0003954400    0.0016817298    0.0002824803
  -0.0003710400    0.0020007098   -0.0002241997
  -0.0003418300    0.0016801798    0.0002127103
  -0.0003607800    0.0016212898    0.0003373503
  -0.0003805800    0.0016450098    0.0002245303
  -0.0002836100    0.0017981798    0.0001612703
  -0.0003292700    0.0017063698    0.0002155003
   0.0001355400    0.0012450498   -0.0001826697
   0.0002038600    0.0019400598    0.0004211703
   0.0001034200    0.0012114498   -0.0001810097
   0.0003172100    0.0013478398   -0.0002107797
   0.0001681800    0.0012460798   -0.0002016197
   0.0001804600    0.0012576698   -0.0001785697
   0.0001734900    0.0013001598   -0.0001439497
   0.0001641900    0.0012901398   -0.0001726397
   0.0003912200   -0.0016100802   -0.0002237997
   0.0003647500   -0.0016146402   -0.0002400897
   0.0001879300   -0.0019015302   -0.0002232697
   0.0003470700   -0.0025671902   -0.0001008597
   0.0003384100   -0.0017042702   -0.0002204797
   0.0003312100   -0.0016852702   -0.0002284397
   0.0003231900   -0.0017082802   -0.0001736597
   0.0003416900   -0.0016964002   -0.0002054797
  -0.0060245900    0.0018168298    0.0035732403
  -0.0088155800    0.0053943798    0.0054760703
  -0.0087542800    0.0054220098    0.0054598303
  -0.0088442600    0.0054470698    0.0054881203
  -0.0087457700    0.0053826498    0.0054587403
  -0.0087757600    0.0053805398    0.0054947003
  -0.0087373900    0.0053690898    0.0054373903
  -0.0087629100    0.0053844598    0.0054782903
   0.0085114200   -0.0051211102    0.0054774303
   0.0078448800   -0.0047993602    0.0052128703
   0.0081231500   -0.0048137202    0.0055099003
   0.0084358600   -0.0050830502    0.0054662403
   0.0084093000   -0.0050938002    0.0054786203
   0.0084464600   -0.0050933002    0.0054994703
   0.0084027900   -0.0050935102    0.0054639903
   0.0084292300   -0.0050937202    0.0054833803
   0.0087163700   -0.0053616302   -0.0054496597
   0.0088257900   -0.0054278302   -0.0054948197
   0.0087147600   -0.0053647802   -0.0054431297
   0.0087857100   -0.0054096802   -0.0054547397
   0.0087540700   -0.0053454202   -0.0054716397
   0.0087118900   -0.0053143602   -0.0054552997
   0.0086369000   -0.0053682502   -0.0053587797
   0.0089594200   -0.0053803402   -0.0054195297
  -0.0084481700    0.0051348698   -0.0055055597
  -0.0084530500    0.0051348198   -0.0054722997
  -0.0084180500    0.0050890498   -0.0054796497
  -0.0084085300    0.0050893298   -0.0054501997
  -0.0084590600    0.0055008998   -0.0057968997
  -0.0084438000    0.0051052798   -0.0054931697
  -0.0083508900    0.0055088298   -0.0051500797
  -0.0084525700    0.0051050298   -0.0055083997

65   
  0.0001350874470480  -0.0199995437793378   0.0000000000000000
  -0.0000339295    0.0000293600   -0.0138611301
  -0.0000273395    0.0001642800   -0.0136585601
  -0.0000961695   -0.0000413300   -0.0139180101
   0.0001362105   -0.0001027800   -0.0137591901
  -0.0001047195   -0.0002598300   -0.0136913901
  -0.0000907495   -0.0001193800   -0.0139787301
  -0.0000119595    0.0001292300   -0.0137733101
  -0.0000033595    0.0000648500   -0.0138665501
   0.0002605105    0.0002280500    0.0138636299
  -0.0001572795    0.0001786700    0.0139333099
  -0.0002476695    0.0001402400    0.0134973199
  -0.0001333095   -0.0001136600    0.0137588899
   0.0000178905   -0.0000529600    0.0138602999
   0.0000157605    0.0000018700    0.0138663999
  -0.0000220295    0.0000357700    0.0138788299
   0.0000048405    0.0000041300    0.0138909199
   0.0001579605    0.0002062200    0.0044572399
  -0.0000426495    0.0000254100    0.0045376099
   0.0000071805   -0.0001444000    0.0045346599
  -0.0000895595   -0.0000363100    0.0046055799
  -0.0001084695    0.0001432100    0.0043559599
  -0.0000197395    0.0000176800    0.0045374499
   0.0002571805    0.0000402100    0.0048485499
  -0.0000920995    0.0000084700    0.0046017999
  -0.0000763395   -0.0001068000   -0.0044607401
   0.0024396005   -0.0025950300   -0.0064394501
  -0.0002135595    0.0001033100   -0.0046528001
   0.0000716105    0.0001457200   -0.0045351701
  -0.0000429695   -0.0000102900   -0.0045044301
   0.0000243705   -0.0000097700   -0.0045244001
   0.0000047305    0.0000152100   -0.0045334501
   0.0000165705    0.0000023600   -0.0045625101
  -0.0002232895   -0.0013850400    0.0001075899
  -0.0001556995   -0.0013016400    0.0001382599
  -0.0001637195   -0.0011793200    0.0003338699
  -0.0001082095   -0.0012404100    0.0001712899
  -0.0001422195   -0.0012185800    0.0002413399
  -0.0001671195   -0.0012795900    0.0001664199
  -0.0002179195   -0.0013507100    0.0001042699
  -0.0001741795   -0.0012901800    0.0001496199
  -0.0003645095    0.0017292800    0.0001708799
  -0.0002787795    0.0017140100    0.0001427099
  -0.0003029595    0.0013964500    0.0006443399
  -0.0003316295    0.0017143500    0.0002118199
  -0.0003124195    0.0017731500    0.0000866999
  -0.0002932895    0.0017492100    0.0002001399
  -0.0003896095    0.0015973900    0.0002632799
  -0.0003445195    0.0016886000    0.0002100299
   0.0002000305    0.0013112700   -0.0001579701
   0.0001390205    0.0006159100   -0.0007675701
   0.0002320805    0.0013437600   -0.0001600201
   0.0000201805    0.0012091600   -0.0001303101
   0.0001688405    0.0013106200   -0.0001392901
   0.0001561105    0.0012991100   -0.0001624601
   0.0001633805    0.0012567200   -0.0001960101
   0.0001723705    0.0012668000   -0.0001678801
   0.0002834205   -0.0017811300   -0.0002027601
   0.0003087505   -0.0017774000   -0.0001858401
   0.0004843605   -0.0014942200   -0.0002032601
   0.0003252805   -0.0008239100   -0.0003250601
   0.0003351705   -0.0016891300   -0.0002060101
   0.0003421505   -0.0017080300   -0.0001979601
   0.0003496205   -0.0016858800   -0.0002513801
   0.0003314405   -0.0016967100   -0.0002204001
  -0.0114934295    0.0088509700    0.0074325999
  -0.0086831395    0.0053683300    0.0054454799
  -0.0087437195    0.0053419800    0.0054621399
  -0.0086552395    0.0053168900    0.0054345499
  -0.0087523595    0.0053805800    0.0054625099
  -0.0087223095    0.0053831700    0.0054267499
  -0.0087618495    0.0053939900    0.0054843399
  -0.0087360695    0.0053783800    0.0054436099
   0.0083195205   -0.0050688600    0.0054699899
   0.0089839405   -0.0053890700    0.0057294899
   0.0087062305   -0.0053743600    0.0054394599
   0.0083959705   -0.0051079700    0.0054822599
   0.0084232305   -0.0050968600    0.0054694299
   0.0083861705   -0.0050975700    0.0054488499
   0.0084276005   -0.0050968100    0.0054826099
   0.0084016605   -0.0050966000    0.0054634099
   0.0087817305   -0.0054007800   -0.0054736001
   0.0086728605   -0.0053346000   -0.0054282601
   0.0087834005   -0.0053967600   -0.0054801301
   0.0087121505   -0.0053511000   -0.0054669801
   0.0087446405   -0.0054156800   -0.0054510501
   0.0087866005   -0.0054468100   -0.0054674501
   0.0088600105   -0.0053936200   -0.0055625601
   0.0085392905   -0.0053830700   -0.0055032601
  -0.0083848095    0.0050579100   -0.0054448701
  -0.0083787495    0.0050570200   -0.0054766801
  -0.0084132995    0.0051029400   -0.0054690601
  -0.0084222995    0.0051020300   -0.0054968901
  -0.0083716995    0.0046849900   -0.0051468901
  -0.0083873995    0.0050867000   -0.0054542401
  -0.0084807895    0.0046921600   -0.0057916701
  -0.0083804995    0.0050868600   -0.0054408901

65   
  0.0074985587831579   0.0073976341109208   0.0170013712898833
  -0.0000221303   -0.0000190902   -0.0139052801
   0.0000526497   -0.0001169902   -0.0140485601
  -0.0000153503    0.0000207698   -0.0138907101
   0.0000161197    0.0000935498   -0.0139854301
   0.0003031197    0.0001801898   -0.0140664201
  -0.0000008603    0.0001032698   -0.0137625501
   0.0000631797   -0.0000635002   -0.0138618201
  -0.0000365603   -0.0000386702   -0.0138276201
  -0.0001301203   -0.0001642202    0.0139791199
   0.0000857797   -0.0001027402    0.0138589299
   0.0001913297   -0.0000932802    0.0142144499
   0.0000364497    0.0000547298    0.0139891399
  -0.0000644703    0.0000496798    0.0137422299
   0.0000428997   -0.0000158902    0.0137870999
  -0.0000101903   -0.0000337402    0.0137674399
   0.0000222297   -0.0000011002    0.0137971799
  -0.0000251003   -0.0000091602    0.0045162599
   0.0000200397   -0.0000106402    0.0045102899
  -0.0001265803   -0.0000919702    0.0044233899
   0.0000439997    0.0000065598    0.0044698799
  -0.0000942603    0.0000067998    0.0045648399
   0.0000485697    0.0000799998    0.0046245999
  -0.0002187503   -0.0003205802    0.0042167999
   0.0000552897   -0.0000155702    0.0045240799
  -0.0000094603    0.0000217598   -0.0045339601
  -0.0018264603    0.0016289998   -0.0013475401
  -0.0000055703    0.0000018998   -0.0045286301
  -0.0000112403   -0.0000387102   -0.0044690901
   0.0000209197   -0.0000607602   -0.0046253801
  -0.0000258103   -0.0000027702   -0.0045924701
   0.0000432497    0.0000475798   -0.0046080101
  -0.0000171103    0.0000160698   -0.0045764301
  -0.0001520403   -0.0012499902    0.0001787799
  -0.0001669703   -0.0012620002    0.0001902599
  -0.0000631403   -0.0013403302    0.0004693899
  -0.0001932803   -0.0012932502    0.0001768699
  -0.0001531603   -0.0012788202    0.0001554099
  -0.0003650303   -0.0014581602    0.0002057999
  -0.0001088903   -0.0011769502    0.0002524699
  -0.0001752003   -0.0012730502    0.0001792699
  -0.0002866003    0.0017347998    0.0002055299
  -0.0003817003    0.0016855498    0.0002494199
  -0.0003347403    0.0016990198    0.0002197699
  -0.0003611903    0.0016743798    0.0002135699
  -0.0003215703    0.0017056798    0.0004826899
  -0.0003701903    0.0016640198    0.0002132399
  -0.0003329303    0.0016977598    0.0002205999
  -0.0003422503    0.0016774298    0.0002304099
   0.0001639497    0.0012746098   -0.0001713801
  -0.0000278103    0.0018338398    0.0003114299
   0.0001639997    0.0012748698   -0.0001715201
   0.0001559997    0.0012630198   -0.0001923301
   0.0001498197    0.0013763698   -0.0000479301
   0.0002047997    0.0012787198   -0.0001538101
   0.0001615297    0.0012749598   -0.0001507401
   0.0001780597    0.0012913598   -0.0001567101
   0.0003498997   -0.0016856002   -0.0002126001
   0.0003443297   -0.0016423702   -0.0002336601
   0.0003231497   -0.0017252902   -0.0002227601
   0.0001650497   -0.0020199502   -0.0000904501
   0.0003595497   -0.0017913102   -0.0000940001
   0.0003171197   -0.0016995702   -0.0002034601
   0.0003301197   -0.0016786802   -0.0001893801
   0.0003428097   -0.0016987602   -0.0001989601
  -0.0068003303    0.0034684998    0.0017962499
  -0.0087578203    0.0053741298    0.0054423299
  -0.0087377703    0.0053936898    0.0054244399
  -0.0087506503    0.0053928998    0.0054344399
  -0.0087487703    0.0053813698    0.0054853899
  -0.0087995503    0.0053998198    0.0055170299
  -0.0087343003    0.0053617198    0.0054771199
  -0.0087882603    0.0053924398    0.0055115299
   0.0085075497   -0.0050729202    0.0054109499
   0.0081217597   -0.0049832002    0.0047029099
   0.0084418597   -0.0051320902    0.0054442699
   0.0084096497   -0.0050777602    0.0054356699
   0.0084303897   -0.0050991602    0.0055169999
   0.0084417597   -0.0050928802    0.0055145299
   0.0084313997   -0.0051059302    0.0055036799
   0.0084364997   -0.0051027702    0.0055182499
   0.0087261697   -0.0053764202   -0.0054252701
   0.0087609297   -0.0053978902   -0.0054438001
   0.0087269897   -0.0053726602   -0.0054281701
   0.0087286697   -0.0053728102   -0.0054160901
   0.0087780997   -0.0053748202   -0.0054977201
   0.0087780197   -0.0053651202   -0.0055076501
   0.0086744697   -0.0053321702   -0.0054570701
   0.0090639297   -0.0052634502   -0.0053470501
  -0.0083959603    0.0050929998   -0.0054471901
  -0.0084380903    0.0051234698   -0.0054531301
  -0.0083515703    0.0050753398   -0.0054269701
  -0.0084135303    0.0050966698   -0.0054453601
  -0.0083725003    0.0049986598   -0.0055092701
  -0.0084595303    0.0051133398   -0.0055178101
  -0.0084592303    0.0055085498   -0.0053252101
  -0.0084295703    0.0051036798   -0.0055090701

65   
 -0.0074985587831579  -0.0073976341109208  -0.0170013712898833
   0.0000183997    0.0000227602   -0.0138183500
  -0.0000557403    0.0001202002   -0.0136745500
   0.0000117497   -0.0000154098   -0.0138330200
  -0.0000222903   -0.0000873498   -0.0137400600
  -0.0003040103   -0.0001743598   -0.0136561500
  -0.0000037403   -0.0000988098   -0.0139599100
  -0.0000660203    0.0000673502   -0.0138596200
   0.0000320497    0.0000428602   -0.0138947900
   0.0001330697    0.0001582302    0.0137430700
  -0.0000828603    0.0000978602    0.0138631300
  -0.0001886203    0.0000915402    0.0135084600
  -0.0000314803   -0.0000581898    0.0137342300
   0.0000669797   -0.0000538898    0.0139760900
  -0.0000392003    0.0000121002    0.0139341100
   0.0000130897    0.0000294402    0.0139509000
  -0.0000186403   -0.0000033098    0.0139227600
   0.0000162397    0.0000056102    0.0045615900
  -0.0000286803    0.0000067302    0.0045678900
   0.0001185697    0.0000885702    0.0046568300
  -0.0000507403   -0.0000110498    0.0046098600
   0.0000864697   -0.0000103798    0.0045149900
  -0.0000567503   -0.0000829198    0.0044539500
   0.0002071797    0.0003099102    0.0048590400
  -0.0000640303    0.0000116802    0.0045549800
   0.0000167397   -0.0000178398   -0.0045474500
   0.0018672697   -0.0016238998   -0.0077215600
   0.0000132897    0.0000028502   -0.0045512000
   0.0000196097    0.0000432602   -0.0046121900
  -0.0000127603    0.0000641902   -0.0044562900
   0.0000329997    0.0000063502   -0.0044889100
  -0.0000344903   -0.0000425798   -0.0044739000
   0.0000240197   -0.0000112198   -0.0045048100
  -0.0001849703   -0.0013048198    0.0001609600
  -0.0001702203   -0.0012929798    0.0001496600
  -0.0002747803   -0.0012141598   -0.0001347800
  -0.0001446403   -0.0012630598    0.0001624000
  -0.0001841603   -0.0012775898    0.0001836500
   0.0000264497   -0.0010989398    0.0001337900
  -0.0002275003   -0.0013778798    0.0000877800
  -0.0001621203   -0.0012825698    0.0001600500
  -0.0003867603    0.0016590702    0.0002194000
  -0.0002919503    0.0017088702    0.0001756000
  -0.0003391203    0.0016939702    0.0002057600
  -0.0003126903    0.0017189702    0.0002114800
  -0.0003512603    0.0016890902   -0.0000513300
  -0.0003038103    0.0017299902    0.0002115300
  -0.0003405903    0.0016968502    0.0002040600
  -0.0003318303    0.0017163602    0.0001946200
   0.0001727297    0.0012815402   -0.0001693500
   0.0003732497    0.0007174802   -0.0006573100
   0.0001721797    0.0012802302   -0.0001695200
   0.0001810397    0.0012925802   -0.0001489600
   0.0001870397    0.0011798702   -0.0002923300
   0.0001323897    0.0012776502   -0.0001864000
   0.0001752697    0.0012812202   -0.0001901500
   0.0001587797    0.0012652502   -0.0001839100
   0.0003232497   -0.0017076798   -0.0002136200
   0.0003286697   -0.0017513698   -0.0001923500
   0.0003498797   -0.0016686598   -0.0002034400
   0.0005047197   -0.0013779098   -0.0003317500
   0.0003133397   -0.0016032498   -0.0003317600
   0.0003553797   -0.0016947298   -0.0002225300
   0.0003427997   -0.0017151198   -0.0002366800
   0.0003299797   -0.0016953898   -0.0002270600
  -0.0107084103    0.0072832902    0.0091878300
  -0.0087418203    0.0053888102    0.0054788900
  -0.0087617503    0.0053696202    0.0054972700
  -0.0087482403    0.0053700502    0.0054866300
  -0.0087503503    0.0053811002    0.0054363800
  -0.0086999103    0.0053630202    0.0054049200
  -0.0087646203    0.0054008702    0.0054441200
  -0.0087114503    0.0053706602    0.0054104100
   0.0083234797   -0.0051193498    0.0055365200
   0.0087097497   -0.0052087498    0.0062470200
   0.0083896197   -0.0050593398    0.0055029900
   0.0084225197   -0.0051135998    0.0055118400
   0.0084016497   -0.0050921798    0.0054310100
   0.0083902297   -0.0050986898    0.0054332000
   0.0084005797   -0.0050852498    0.0054439500
   0.0083957097   -0.0050884798    0.0054295600
   0.0087720497   -0.0053859498   -0.0054975500
   0.0087374897   -0.0053648798   -0.0054792400
   0.0087715597   -0.0053899298   -0.0054946800
   0.0087703097   -0.0053901698   -0.0055069900
   0.0087201497   -0.0053872798   -0.0054254800
   0.0087203497   -0.0053972798   -0.0054154000
   0.0088235397   -0.0054300698   -0.0054664100
   0.0084407897   -0.0054972298   -0.0055752300
  -0.0084355003    0.0050982402   -0.0055011700
  -0.0083938103    0.0050680002   -0.0054955100
  -0.0084818403    0.0051167302   -0.0055226400
  -0.0084198603    0.0050954102   -0.0055038300
  -0.0084598803    0.0051934602   -0.0054410500
  -0.0083729103    0.0050779402   -0.0054312300
  -0.0083750303    0.0046904302   -0.0056226000
  -0.0084028003    0.0050876202   -0.0054401600
